	C(0,0)	C(0,1)	C(1,0)	C(1,1)
0	36	1	11	14
1	40	1	8	13
2	37	6	5	14
3	41	1	7	13
4	37	4	9	12
5	35	5	9	13
6	36	7	6	13
7	38	3	12	9
8	35	3	10	14
9	40	4	5	13
10	38	6	9	9
11	43	0	5	14
12	34	6	4	18
13	37	7	3	15
14	35	1	7	19
15	40	7	2	13
16	42	1	4	15
17	39	4	8	11
18	35	5	8	14
19	39	2	7	14
20	41	8	4	9
21	32	7	10	13
22	32	8	6	16
23	39	7	6	10
24	40	1	4	17
25	40	2	7	13
26	39	2	7	14
27	44	2	3	13
28	39	3	4	16
29	40	2	8	12
30	41	6	4	11
31	37	2	7	16
32	37	4	7	14
33	40	0	11	11
34	40	6	6	10
35	42	2	9	9
36	33	6	6	17
37	42	6	3	11
38	37	2	10	13
39	39	1	6	16
40	39	5	4	14
41	34	3	9	16
42	35	8	6	13
43	41	2	7	12
44	36	1	13	12
45	30	1	21	10
46	39	2	10	11
47	39	2	10	11
48	33	7	5	17
49	38	5	8	11
50	37	5	6	14
51	43	5	3	11
52	37	4	6	15
53	37	4	7	14
54	42	4	4	12
55	37	4	5	16
56	38	2	7	15
57	38	3	6	15
58	37	2	7	16
59	36	8	2	16
60	41	1	10	10
61	43	3	4	12
62	36	6	9	11
63	36	9	4	13
64	35	2	11	14
65	40	2	8	12
66	38	5	7	12
67	33	8	5	16
68	39	4	5	14
69	39	4	7	12
70	40	8	2	12
71	39	4	4	15
72	38	5	10	9
73	35	3	10	14
74	34	2	12	14
75	39	3	8	12
76	39	6	3	14
77	39	3	9	11
78	41	5	5	11
79	28	5	11	18
80	37	5	9	11
81	37	1	12	12
82	42	3	5	12
83	38	4	5	15
84	43	7	2	10
85	37	2	5	18
86	44	1	6	11
87	41	1	5	15
88	35	8	5	14
89	45	0	3	14
90	38	4	7	13
91	40	7	4	11
92	44	1	4	13
93	39	2	9	12
94	38	5	8	11
95	36	3	10	13
96	41	5	5	11
97	42	5	5	10
98	38	2	10	12
99	38	1	9	14
