	C(0,0)	C(0,1)	C(0,2)	C(1,0)	C(1,1)	C(1,2)	C(2,0)	C(2,1)	C(2,2)
0	9	1	2	9	14	2	2	0	23
1	6	0	0	7	13	1	0	1	34
2	10	3	0	4	14	1	1	3	26
3	6	0	0	7	13	0	3	1	32
4	6	2	1	7	12	2	3	2	27
5	7	3	0	8	13	1	3	2	25
6	9	5	0	6	13	0	2	2	25
7	7	2	0	8	9	4	3	1	28
8	9	3	1	7	14	3	2	0	23
9	10	3	0	4	13	1	2	1	28
10	8	4	1	5	9	4	6	2	23
11	13	0	1	4	14	1	0	0	29
12	8	2	0	2	18	2	8	4	18
13	10	6	0	2	15	1	4	1	23
14	9	1	0	7	19	0	4	0	22
15	7	4	0	2	13	0	3	3	30
16	11	1	0	4	15	0	5	0	26
17	10	4	0	8	11	0	4	0	25
18	6	4	1	4	14	4	4	1	24
19	11	2	1	3	14	4	3	0	24
20	11	5	0	2	9	2	3	3	27
21	7	5	1	7	13	3	4	2	20
22	8	7	0	4	16	2	4	1	20
23	8	5	1	4	10	2	3	2	27
24	14	0	0	4	17	0	3	1	23
25	9	1	0	5	13	2	3	1	28
26	10	2	0	7	14	0	3	0	26
27	9	2	0	3	13	0	4	0	31
28	9	2	0	3	16	1	6	1	24
29	9	2	1	6	12	2	5	0	25
30	8	4	0	3	11	1	0	2	33
31	7	1	0	7	16	0	2	1	28
32	8	4	0	6	14	1	5	0	24
33	8	0	0	10	11	1	6	0	26
34	9	3	0	4	10	2	5	3	26
35	10	2	0	9	9	0	2	0	30
36	9	2	0	5	17	1	3	4	21
37	8	3	0	3	11	0	2	3	32
38	11	1	0	8	13	2	1	1	25
39	12	1	2	5	16	1	2	0	23
40	8	3	0	4	14	0	3	2	28
41	7	2	0	6	16	3	3	1	24
42	8	6	0	4	13	2	3	2	24
43	7	1	0	5	12	2	4	1	30
44	13	1	0	11	12	2	6	0	17
45	9	1	0	20	10	1	1	0	20
46	11	1	1	7	11	3	3	1	24
47	8	2	0	9	11	1	2	0	29
48	10	6	0	4	17	1	2	1	21
49	9	3	0	5	11	3	1	2	28
50	9	4	1	5	14	1	2	1	25
51	11	3	0	2	11	1	2	2	30
52	7	3	1	4	15	2	5	1	24
53	14	2	0	5	14	2	1	2	22
54	9	3	1	3	12	1	4	1	28
55	9	1	0	4	16	1	3	3	25
56	8	1	1	7	15	0	2	1	27
57	11	1	0	6	15	0	2	2	25
58	10	1	0	7	16	0	4	1	23
59	9	6	0	2	16	0	0	2	27
60	12	0	0	6	10	4	1	1	28
61	9	2	0	3	12	1	4	1	30
62	10	3	1	6	11	3	5	3	20
63	8	7	0	3	13	1	1	2	27
64	10	2	1	10	14	1	1	0	23
65	4	2	0	8	12	0	5	0	31
66	12	3	1	5	12	2	4	2	21
67	8	5	0	5	16	0	2	3	23
68	7	3	0	5	14	0	2	1	30
69	9	3	0	5	12	2	4	1	26
70	8	6	0	2	12	0	0	2	32
71	10	2	0	4	15	0	3	2	26
72	12	3	0	9	9	1	1	2	25
73	7	1	0	8	14	2	2	2	26
74	7	2	0	10	14	2	5	0	22
75	9	2	0	7	12	1	4	1	26
76	9	4	0	2	14	1	1	2	29
77	10	0	1	8	11	1	1	3	27
78	9	3	0	3	11	2	5	2	27
79	9	3	1	9	18	2	2	2	16
80	6	3	0	8	11	1	5	2	26
81	12	0	0	11	12	1	3	1	22
82	11	2	1	2	12	3	4	1	26
83	11	2	0	3	15	2	3	2	24
84	10	5	0	1	10	1	5	2	28
85	13	1	1	3	18	2	3	1	20
86	10	1	1	5	11	1	4	0	29
87	9	1	0	4	15	1	6	0	26
88	11	7	0	4	14	1	2	1	22
89	7	0	0	2	14	1	5	0	33
90	6	2	0	5	13	2	3	2	29
91	8	5	1	3	11	1	5	2	26
92	10	0	0	3	13	1	4	1	30
93	10	1	0	8	12	1	2	1	27
94	6	3	0	7	11	1	4	2	28
95	12	3	0	5	13	5	3	0	21
96	8	5	0	3	11	2	4	0	29
97	13	3	0	5	10	0	2	2	27
98	9	0	1	10	12	0	4	2	24
99	12	1	0	6	14	3	4	0	22
