	C(0,0)	C(0,1)	C(1,0)	C(1,1)
0	11	2	0	26
1	7	6	0	26
2	9	1	0	29
3	4	4	1	30
4	8	3	0	28
5	5	2	3	29
6	8	4	0	27
7	10	3	2	24
8	4	4	1	30
9	6	7	0	26
10	7	4	0	28
11	3	3	0	33
12	6	2	1	30
13	6	4	0	29
14	6	3	0	30
15	5	7	0	27
16	6	5	1	27
17	9	2	0	28
18	4	5	1	29
19	6	0	1	32
20	7	3	2	27
21	6	3	0	30
22	4	4	1	30
23	5	3	3	28
24	5	5	1	28
25	7	6	0	26
26	9	1	0	29
27	6	6	0	27
28	6	2	2	29
29	6	4	0	29
30	5	4	1	29
31	7	4	1	27
32	8	3	4	24
33	2	8	1	28
34	9	3	0	27
35	4	3	1	31
36	7	6	1	25
37	6	4	0	29
38	4	5	4	26
39	10	3	1	25
40	6	3	1	29
41	6	5	0	28
42	2	3	2	32
43	9	3	0	27
44	6	4	2	27
45	7	3	1	28
46	6	2	1	30
47	6	2	5	26
48	11	4	1	23
49	8	4	1	26
50	8	3	1	27
51	5	5	1	28
52	7	2	2	28
53	8	3	1	27
54	5	2	3	29
55	7	4	1	27
56	6	2	3	28
57	5	5	0	29
58	4	6	1	28
59	6	5	1	27
60	6	6	1	26
61	8	2	0	29
62	6	4	0	29
63	8	3	2	26
64	6	2	2	29
65	7	2	1	29
66	5	2	1	31
67	5	2	1	31
68	6	5	2	26
69	7	4	2	26
70	8	4	0	27
71	7	4	3	25
72	6	2	1	30
73	6	4	0	29
74	5	3	1	30
75	7	3	1	28
76	5	4	2	28
77	7	3	0	29
78	7	4	2	26
79	2	5	1	31
80	7	4	2	26
81	6	3	2	28
82	2	2	0	35
83	5	5	2	27
84	3	5	1	30
85	8	5	0	26
86	8	3	2	26
87	8	3	1	27
88	6	2	1	30
89	7	4	0	28
90	5	2	1	31
91	6	2	2	29
92	9	2	0	28
93	5	1	2	31
94	6	2	1	30
95	2	9	1	27
96	5	1	1	32
97	3	4	4	28
98	6	8	1	24
99	6	8	3	22
