	C(0,0)	C(0,1)	C(0,2)	C(0,3)	C(1,0)	C(1,1)	C(1,2)	C(1,3)	C(2,0)	C(2,1)	C(2,2)	C(2,3)	C(3,0)	C(3,1)	C(3,2)	C(3,3)
0	347	89	0	3	0	425	6	0	47	4	11	0	147	8	0	5
1	356	71	0	0	0	422	4	0	40	5	20	0	158	9	0	7
2	343	101	0	1	0	398	5	0	53	7	6	0	161	12	0	5
3	350	79	0	0	0	428	2	0	37	2	18	0	161	13	0	2
4	364	81	0	1	0	412	2	0	40	11	10	0	158	6	0	7
5	336	94	0	0	0	422	7	0	42	9	20	0	150	6	0	6
6	370	84	0	1	0	402	2	0	48	8	22	0	137	13	0	5
7	351	64	0	1	1	448	5	0	50	3	11	0	141	8	0	9
8	346	77	0	3	0	427	4	0	48	11	13	0	146	12	0	5
9	333	79	0	2	1	412	2	0	54	4	19	0	174	9	0	3
10	341	87	0	0	0	406	4	0	42	7	16	0	177	11	0	1
11	365	82	0	2	0	424	3	0	37	5	12	0	147	10	0	5
12	360	75	0	1	0	419	8	0	43	6	20	0	138	11	0	11
13	362	75	0	0	0	422	3	0	52	3	18	0	141	12	0	4
14	354	83	0	2	1	422	3	0	48	6	21	0	144	4	0	4
15	362	76	0	0	1	434	3	0	44	10	16	0	135	8	0	3
16	328	82	0	2	1	442	2	0	45	7	23	0	149	8	0	3
17	370	72	0	2	0	431	3	0	41	5	16	0	139	9	0	4
18	356	85	0	0	0	419	3	0	36	6	16	0	159	8	0	4
19	379	75	0	2	0	395	1	0	36	6	19	0	161	13	0	5
20	347	75	0	1	1	422	3	0	53	11	18	0	151	6	0	4
21	356	81	0	3	1	419	3	0	37	10	12	0	154	8	0	8
22	362	73	0	2	0	430	3	0	41	7	21	0	144	5	0	4
23	379	66	0	1	1	431	2	0	45	4	11	0	144	5	0	3
24	350	83	0	1	0	418	2	0	48	6	20	0	152	9	0	3
25	357	84	0	2	0	416	5	0	49	5	20	0	145	5	0	4
26	368	84	0	2	0	398	6	0	37	4	22	0	144	19	0	8
27	336	81	0	4	0	431	7	0	41	6	21	0	154	9	0	2
28	361	86	0	2	0	414	3	0	44	6	17	0	146	6	0	7
29	342	74	0	0	1	433	5	0	49	6	16	0	150	13	0	3
30	367	87	0	4	0	416	5	0	36	6	21	0	135	9	0	6
31	360	73	0	1	0	430	4	0	33	10	13	0	154	9	0	5
32	342	95	0	0	0	402	4	0	53	14	9	0	155	16	0	2
33	355	101	0	2	1	400	0	0	41	9	17	0	149	13	0	4
34	345	89	0	1	0	424	6	0	48	6	19	0	141	9	0	4
35	331	84	0	1	0	440	4	0	37	7	12	0	169	6	0	1
36	359	83	0	0	0	414	3	0	45	4	17	0	150	11	0	6
37	348	81	0	0	1	418	4	0	52	7	18	0	148	10	0	5
38	367	80	0	2	0	421	3	0	44	5	21	0	133	9	0	7
39	343	90	0	2	0	423	3	0	43	5	10	0	157	13	0	3
40	357	84	0	0	1	422	4	0	29	3	17	0	160	10	0	5
41	357	68	0	1	0	424	2	0	56	4	15	0	152	6	0	7
42	361	82	0	2	0	418	3	0	31	7	23	0	157	5	0	3
43	353	99	0	0	1	420	3	0	39	8	19	0	138	10	0	2
44	348	80	0	1	0	419	3	0	46	5	15	0	167	4	0	4
45	345	97	0	0	1	412	6	0	52	3	13	0	139	17	0	7
46	386	77	0	2	0	405	3	0	38	9	11	0	154	5	0	2
47	352	92	0	4	1	393	3	0	46	14	12	0	159	11	0	5
48	354	68	0	1	2	429	5	0	42	7	18	0	154	7	0	5
49	355	87	0	1	0	415	3	0	36	8	17	0	158	8	0	4
50	336	83	0	1	2	425	5	0	50	4	17	0	153	11	0	5
51	350	95	0	3	1	406	2	0	52	10	16	0	139	14	0	4
52	363	81	0	1	2	410	5	0	44	6	13	0	148	13	0	6
53	361	98	0	1	0	403	5	0	36	11	12	0	151	8	0	6
54	343	75	0	0	0	439	3	0	41	6	15	0	163	7	0	0
55	357	83	0	2	0	424	3	0	47	3	20	0	144	7	0	2
56	329	99	0	0	1	412	4	0	43	13	17	0	163	9	0	2
57	355	106	0	4	0	390	2	0	33	11	20	0	148	17	0	6
58	331	102	0	1	1	409	5	0	54	3	17	0	157	8	0	4
59	373	102	0	4	0	384	2	0	42	8	18	0	139	15	0	5
60	345	80	0	1	0	441	2	0	53	3	22	0	129	11	0	5
61	343	116	0	2	0	380	4	0	40	8	17	0	163	17	0	2
62	354	89	0	0	0	419	3	0	42	4	17	0	153	7	0	4
63	348	86	0	4	1	417	4	0	40	7	14	0	157	6	0	8
64	346	99	0	0	0	426	1	0	52	7	13	0	141	5	0	2
65	353	91	0	1	0	432	4	0	45	4	15	0	139	5	0	3
66	376	74	0	4	0	408	4	0	47	5	19	0	143	9	0	3
67	358	73	0	1	0	414	3	0	43	5	13	0	170	9	0	3
68	356	79	0	2	1	415	7	0	48	6	18	0	150	8	0	2
69	360	82	0	3	1	411	2	0	36	6	14	0	158	9	0	10
70	349	83	0	2	0	402	2	0	42	7	17	0	180	8	0	0
71	355	102	0	0	0	400	5	0	40	5	20	0	153	8	0	4
72	349	74	0	2	0	428	4	0	41	12	17	0	156	6	0	3
73	377	90	0	4	0	399	4	0	42	6	16	0	134	13	0	7
74	366	71	0	1	0	433	2	0	40	10	17	0	141	7	0	4
75	349	100	0	3	0	408	2	0	35	6	14	0	161	12	0	2
76	346	82	0	2	1	400	5	0	42	8	24	0	165	13	0	4
77	351	89	0	3	0	421	6	0	40	1	14	0	149	14	0	4
78	354	76	0	4	0	438	2	0	36	9	18	0	139	10	0	6
79	374	88	0	3	0	393	4	0	35	6	24	0	156	4	0	5
80	368	66	0	0	2	423	2	0	40	5	18	0	150	11	0	7
81	361	75	0	1	1	432	4	0	48	3	13	0	142	5	0	7
82	349	85	0	1	1	421	3	0	49	7	19	0	146	8	0	3
83	383	89	0	0	1	389	4	0	33	9	17	0	148	13	0	6
84	342	83	0	0	0	421	5	0	39	9	16	0	163	13	0	1
85	344	79	0	1	0	400	6	0	50	8	19	0	162	20	0	3
86	354	87	0	3	1	415	4	0	31	8	21	0	149	13	0	6
87	369	74	0	1	2	405	3	0	50	6	16	0	149	12	0	5
88	336	83	0	3	0	436	3	0	44	7	22	0	146	6	0	6
89	360	76	0	1	0	424	2	0	44	7	12	0	151	12	0	3
90	378	77	0	3	0	406	3	0	39	2	16	0	155	7	0	6
91	356	82	0	1	0	436	2	0	30	9	14	0	147	9	0	6
92	370	88	0	2	1	405	2	0	35	7	17	0	147	13	0	5
93	363	102	0	1	0	394	2	0	50	7	15	0	144	12	0	2
94	356	87	0	0	0	404	2	0	41	10	16	0	168	6	0	2
95	373	72	0	1	1	421	3	0	45	6	12	0	145	9	0	4
96	370	78	0	4	0	409	4	0	44	9	12	0	141	12	0	9
97	371	91	0	3	0	402	3	0	47	11	13	0	135	11	0	5
98	359	79	0	2	0	396	2	0	51	5	23	0	163	9	0	3
99	363	73	0	1	0	417	7	0	48	9	20	0	141	9	0	4
