	C(0,0)	C(0,1)	C(0,2)	C(0,3)	C(1,0)	C(1,1)	C(1,2)	C(1,3)	C(2,0)	C(2,1)	C(2,2)	C(2,3)	C(3,0)	C(3,1)	C(3,2)	C(3,3)
0	348	88	0	3	0	425	6	0	46	5	11	0	147	8	0	5
1	348	79	0	0	0	422	4	0	44	1	20	0	159	8	0	7
2	339	105	0	1	0	398	5	0	56	4	6	0	162	9	0	7
3	340	89	0	0	0	428	2	0	38	1	18	0	158	12	0	6
4	358	87	0	1	0	412	2	0	43	8	10	0	158	5	0	8
5	330	100	0	0	0	422	7	0	46	5	20	0	150	6	0	6
6	353	101	0	1	0	402	2	0	49	7	22	0	138	12	0	5
7	348	67	0	1	0	449	5	0	50	3	11	0	139	8	0	11
8	343	80	0	3	0	427	4	0	49	10	13	0	145	13	0	5
9	328	84	0	2	0	413	2	0	54	4	19	0	174	9	0	3
10	332	96	0	0	0	406	4	0	45	4	16	0	177	11	0	1
11	362	85	0	2	0	424	3	0	38	4	12	0	146	9	0	7
12	353	82	0	1	0	419	8	0	44	5	20	0	137	11	0	12
13	358	79	0	0	0	422	3	0	53	2	18	0	141	12	0	4
14	351	86	0	2	0	423	3	0	50	4	21	0	144	4	0	4
15	363	75	0	0	0	435	3	0	48	6	16	0	134	9	0	3
16	317	93	0	2	0	443	2	0	46	6	23	0	148	9	0	3
17	362	80	0	2	0	431	3	0	43	3	16	0	138	10	0	4
18	351	90	0	0	0	419	3	0	38	4	16	0	159	7	0	5
19	367	87	0	2	0	395	1	0	36	6	19	0	163	10	0	6
20	344	78	0	1	0	423	3	0	61	3	18	0	150	6	0	5
21	360	77	0	3	0	420	3	0	42	5	12	0	152	7	0	11
22	355	80	0	2	0	430	3	0	44	4	21	0	143	5	0	5
23	375	70	0	1	0	432	2	0	46	3	11	0	145	4	0	3
24	343	90	0	1	0	418	2	0	51	3	20	0	151	10	0	3
25	342	99	0	2	0	416	5	0	49	5	20	0	145	4	0	5
26	356	96	0	2	0	398	6	0	38	3	22	0	146	16	0	9
27	337	80	0	4	0	431	7	0	44	3	21	0	154	8	0	3
28	352	95	0	2	0	414	3	0	47	3	17	0	143	7	0	9
29	337	79	0	0	0	434	5	0	51	4	16	0	150	13	0	3
30	362	92	0	4	0	416	5	0	36	6	21	0	136	8	0	6
31	354	79	0	1	0	430	4	0	38	5	13	0	154	9	0	5
32	336	101	0	0	0	402	4	0	54	13	9	0	157	13	0	3
33	343	113	0	2	0	401	0	0	44	6	17	0	151	11	0	4
34	340	94	0	1	0	424	6	0	49	5	19	0	142	7	0	5
35	324	91	0	1	0	440	4	0	37	7	12	0	165	6	0	5
36	343	99	0	0	0	414	3	0	47	2	17	0	150	11	0	6
37	353	76	0	0	0	419	4	0	53	6	18	0	147	11	0	5
38	360	87	0	2	0	421	3	0	44	5	21	0	133	9	0	7
39	331	102	0	2	0	423	3	0	45	3	10	0	161	9	0	3
40	355	86	0	0	0	423	4	0	31	2	16	0	158	10	0	7
41	353	72	0	1	0	424	2	0	56	4	15	0	152	6	0	7
42	347	96	0	2	0	418	3	0	33	5	23	0	158	4	0	3
43	345	107	0	0	0	421	3	0	43	4	19	0	136	10	0	4
44	340	88	0	1	0	419	3	0	46	5	15	0	167	4	0	4
45	345	97	0	0	0	413	6	0	53	2	13	0	142	14	0	7
46	381	82	0	2	0	405	3	0	39	8	11	0	155	4	0	2
47	341	103	0	4	0	394	3	0	51	9	12	0	160	10	0	5
48	351	70	0	2	0	431	5	0	47	2	18	0	154	7	0	5
49	350	92	0	1	0	415	3	0	38	6	17	0	155	10	0	5
50	337	82	0	1	0	427	5	0	50	4	17	0	152	12	0	5
51	336	108	0	4	0	407	2	0	55	7	16	0	140	13	0	4
52	359	85	0	1	0	412	5	0	45	5	13	0	152	8	0	7
53	350	109	0	1	0	403	5	0	40	7	12	0	154	3	0	8
54	342	76	0	0	0	439	3	0	46	1	15	0	160	7	0	3
55	352	88	0	2	0	424	3	0	49	1	20	0	144	7	0	2
56	324	104	0	0	0	413	4	0	49	7	17	0	162	9	0	3
57	352	108	0	5	0	390	2	0	36	8	20	0	149	16	0	6
58	325	108	0	1	0	410	5	0	53	4	17	0	158	6	0	5
59	363	112	0	4	0	384	2	0	43	7	18	0	146	8	0	5
60	345	80	0	1	0	441	2	0	55	1	22	0	129	11	0	5
61	340	119	0	2	0	380	4	0	41	7	17	0	162	17	0	3
62	349	94	0	0	0	419	3	0	42	4	17	0	153	6	0	5
63	357	77	0	4	0	418	4	0	39	8	14	0	156	7	0	8
64	335	110	0	0	0	426	1	0	54	5	13	0	140	5	0	3
65	345	99	0	1	0	432	4	0	45	4	15	0	139	5	0	3
66	369	81	0	4	0	408	4	0	47	5	19	0	144	8	0	3
67	346	85	0	1	0	414	3	0	43	5	13	0	168	9	0	5
68	353	82	0	2	0	416	7	0	51	3	18	0	149	9	0	2
69	349	93	0	3	0	412	2	0	36	6	14	0	158	9	0	10
70	335	97	0	2	0	402	2	0	45	4	17	0	181	7	0	0
71	353	104	0	0	0	400	5	0	42	3	20	0	153	8	0	4
72	345	78	0	2	0	428	4	0	44	9	17	0	155	6	0	4
73	373	94	0	4	0	399	4	0	42	6	16	0	137	10	0	7
74	357	80	0	1	0	433	2	0	46	4	17	0	140	8	0	4
75	338	111	0	3	0	408	2	0	36	5	14	0	162	10	0	3
76	328	100	0	2	0	401	5	0	45	5	24	0	167	9	0	6
77	339	100	0	4	0	421	6	0	41	0	14	0	151	12	0	4
78	348	82	0	4	0	438	2	0	39	6	18	0	139	10	0	6
79	366	96	0	3	0	393	4	0	36	5	24	0	159	1	0	5
80	369	65	0	0	0	425	2	0	42	3	18	0	152	9	0	7
81	352	84	0	1	0	433	4	0	48	3	13	0	141	4	0	9
82	341	93	0	1	0	422	3	0	51	5	19	0	146	8	0	3
83	373	99	0	0	0	390	4	0	38	4	17	0	152	9	0	6
84	332	93	0	0	0	421	5	0	42	6	16	0	162	13	0	2
85	337	86	0	1	0	400	6	0	54	4	19	0	165	15	0	5
86	350	91	0	3	0	416	4	0	34	5	21	0	149	13	0	6
87	351	92	0	1	0	407	3	0	51	5	16	0	149	11	0	6
88	334	85	0	3	0	436	3	0	49	2	22	0	144	6	0	8
89	353	83	0	1	0	424	2	0	47	4	12	0	148	13	0	5
90	370	85	0	3	0	406	3	0	39	2	16	0	154	7	0	7
91	348	90	0	1	0	436	2	0	32	7	14	0	144	10	0	8
92	360	98	0	2	0	406	2	0	35	7	17	0	146	14	0	5
93	357	108	0	1	0	394	2	0	53	4	15	0	149	7	0	2
94	350	93	0	0	0	404	2	0	43	8	16	0	166	6	0	4
95	367	78	0	1	0	422	3	0	49	2	12	0	144	10	0	4
96	362	86	0	4	0	409	4	0	50	3	12	0	142	11	0	9
97	366	96	0	3	0	402	3	0	52	6	13	0	138	8	0	5
98	345	93	0	2	0	396	2	0	52	4	23	0	161	7	0	7
99	367	69	0	1	0	417	7	0	49	8	20	0	143	7	0	4
