	C(0,0)	C(0,1)	C(0,2)	C(0,3)	C(1,0)	C(1,1)	C(1,2)	C(1,3)	C(2,0)	C(2,1)	C(2,2)	C(2,3)	C(3,0)	C(3,1)	C(3,2)	C(3,3)
0	365	68	1	5	121	307	2	1	38	20	4	0	116	27	1	16
1	362	63	0	2	125	300	0	1	38	21	6	0	122	35	0	17
2	376	65	0	4	112	291	0	0	45	16	5	0	117	38	0	23
3	365	63	0	1	112	318	0	0	36	16	5	0	132	30	0	14
4	400	44	0	2	107	306	1	0	40	15	6	0	128	29	0	14
5	354	73	0	3	119	310	0	0	37	28	6	0	114	27	0	21
6	381	72	0	2	107	297	0	0	56	21	1	0	111	24	0	20
7	360	52	0	4	143	310	0	1	46	10	8	0	115	24	0	19
8	367	57	0	2	111	319	0	1	49	21	2	0	111	35	0	17
9	347	65	0	2	119	295	0	1	59	18	0	0	131	43	0	12
10	362	66	0	0	105	302	1	2	44	17	4	0	142	29	0	18
11	374	69	0	6	121	306	0	0	43	8	3	0	112	35	0	15
12	362	73	0	1	128	294	0	5	48	17	4	0	112	32	0	16
13	370	62	0	5	109	315	0	1	48	21	4	0	112	33	0	12
14	364	68	0	7	126	298	0	2	52	20	3	0	106	26	0	20
15	379	56	0	3	141	296	0	1	45	20	5	0	119	10	0	17
16	345	65	0	2	136	307	1	1	48	25	2	0	113	29	0	18
17	379	64	0	1	118	315	0	1	41	17	4	0	111	26	0	15
18	387	52	0	2	108	312	1	1	39	15	4	0	120	38	0	13
19	388	64	0	4	92	303	0	1	39	18	4	0	120	36	0	23
20	361	60	0	2	139	286	0	1	62	20	0	0	110	31	0	20
21	374	63	0	3	119	301	1	2	37	18	4	0	122	29	0	19
22	363	69	0	5	108	322	1	2	44	22	3	0	113	22	1	17
23	381	62	0	3	126	308	0	0	40	16	4	0	108	24	0	20
24	370	62	0	2	134	285	0	1	56	16	2	0	109	31	0	24
25	369	69	0	5	124	292	2	3	48	21	5	0	104	30	0	20
26	377	74	0	3	119	285	0	0	32	20	11	0	113	41	0	17
27	343	78	0	0	149	287	0	2	43	20	5	0	122	25	0	18
28	380	64	0	5	121	294	0	2	48	18	1	0	119	23	0	17
29	361	54	0	1	129	309	0	1	47	21	3	0	126	26	0	14
30	387	67	0	4	108	308	1	4	40	15	8	0	106	27	0	17
31	378	50	0	6	132	299	0	3	25	23	8	0	118	30	0	20
32	350	84	0	3	109	296	1	0	47	26	3	0	124	36	0	13
33	376	80	0	2	105	296	0	0	51	15	1	0	118	31	0	17
34	363	67	0	5	118	309	0	3	51	20	2	0	104	31	0	19
35	348	67	0	1	132	311	1	0	31	17	8	0	133	30	0	13
36	362	77	0	3	106	310	1	0	47	15	4	0	121	28	0	18
37	371	52	0	6	117	306	0	0	46	27	4	0	113	36	0	14
38	364	80	0	5	108	314	0	2	44	22	4	0	96	35	0	18
39	360	73	0	2	124	301	1	0	38	15	5	0	118	33	0	22
40	375	62	0	4	131	295	1	0	30	14	5	0	125	35	0	15
41	348	75	0	3	128	298	0	0	59	12	4	0	120	26	0	19
42	379	64	0	2	123	298	0	0	41	17	3	0	120	28	0	17
43	377	73	0	2	125	298	0	1	45	17	4	0	107	24	0	19
44	356	70	0	3	122	298	2	0	42	21	3	0	133	27	0	15
45	354	85	0	3	121	297	0	1	50	15	3	0	116	32	0	15
46	399	64	0	2	94	314	0	0	35	19	4	0	127	27	0	7
47	373	74	0	1	101	295	0	1	46	20	6	0	127	32	0	16
48	367	53	0	3	120	313	0	3	40	20	7	0	124	24	0	18
49	383	58	0	2	114	303	0	1	39	18	4	0	124	32	0	14
50	372	46	0	2	122	308	1	1	50	19	2	0	111	37	0	21
51	365	82	0	1	125	281	0	3	56	18	4	0	108	27	0	22
52	378	66	0	1	116	300	1	0	44	13	6	0	108	33	0	26
53	390	65	0	5	114	293	1	0	38	15	6	0	116	34	0	15
54	360	58	0	0	123	319	0	0	43	15	4	0	124	32	0	14
55	372	68	0	2	127	298	0	2	54	14	2	0	111	26	0	16
56	368	56	0	4	128	285	1	3	45	22	6	0	131	29	0	14
57	400	63	0	2	98	294	0	0	38	21	5	0	119	33	0	19
58	353	80	0	1	107	304	2	2	48	25	1	0	118	34	0	17
59	394	85	0	0	109	275	0	2	44	18	6	0	109	34	0	16
60	360	64	0	2	132	310	0	1	54	23	1	0	90	31	0	24
61	370	90	0	1	95	288	1	0	40	18	7	0	129	35	0	18
62	365	72	0	6	113	307	1	1	39	13	11	0	116	30	0	18
63	375	59	0	4	114	308	0	0	40	16	5	0	125	31	0	15
64	373	69	0	3	120	306	0	1	45	23	4	0	108	20	0	20
65	388	56	0	1	129	307	0	0	48	14	2	0	108	26	0	13
66	391	59	0	4	105	305	2	0	43	23	5	0	101	39	0	15
67	366	65	0	1	108	307	0	2	41	17	3	0	135	32	0	15
68	370	62	0	5	113	305	2	3	54	11	7	0	107	36	0	17
69	373	71	0	1	126	288	0	0	31	18	7	0	136	28	0	13
70	359	73	0	2	123	279	1	1	44	18	4	0	132	36	0	20
71	369	85	0	3	103	300	2	0	36	23	6	0	123	27	0	15
72	369	54	0	2	134	297	0	1	50	16	4	0	117	29	0	19
73	409	60	0	2	109	294	0	0	43	19	2	0	110	30	0	14
74	371	63	0	4	114	319	2	0	44	17	6	0	101	36	0	15
75	349	99	0	4	98	311	0	1	39	14	2	0	125	30	0	20
76	359	68	0	3	100	304	1	1	53	16	5	0	121	38	0	23
77	373	69	0	1	116	309	2	0	36	12	7	0	119	31	0	17
78	362	70	0	2	127	311	0	2	38	19	6	0	96	32	0	27
79	391	71	0	3	96	301	0	0	45	16	4	0	116	30	0	19
80	371	59	0	4	128	296	1	2	41	17	5	0	116	37	0	15
81	372	62	0	3	125	308	0	4	46	15	3	0	104	30	0	20
82	354	77	0	4	87	338	0	0	48	24	3	0	103	38	0	16
83	393	77	0	2	107	285	1	1	34	17	8	0	109	41	0	17
84	371	53	0	1	117	309	0	0	45	15	4	0	131	31	0	15
85	360	62	0	2	113	291	0	2	52	23	2	0	130	35	0	20
86	370	68	0	6	110	309	0	1	33	21	6	0	124	28	0	16
87	365	75	0	4	126	281	1	2	50	19	3	0	134	18	0	14
88	353	64	0	5	133	303	0	3	47	21	5	0	110	28	0	20
89	360	75	0	2	110	315	0	1	39	22	2	0	108	40	0	18
90	403	51	0	4	122	285	0	2	39	9	9	0	127	29	0	12
91	365	71	1	2	120	317	0	1	27	21	5	0	106	40	0	16
92	395	60	0	5	107	301	0	0	40	15	4	0	107	39	0	19
93	396	70	0	0	120	275	0	1	47	25	0	0	121	21	0	16
94	360	78	0	5	95	311	0	0	37	26	4	0	133	28	0	15
95	389	54	0	3	133	290	0	2	46	15	2	0	117	26	0	15
96	395	55	0	2	109	300	2	2	42	20	3	0	118	26	0	18
97	389	72	0	4	111	294	0	0	51	19	1	0	106	28	0	17
98	375	65	0	0	89	308	1	0	52	25	2	0	129	30	0	16
99	381	56	0	0	117	305	0	2	54	21	2	0	110	25	0	19
