	C(0,0)	C(0,1)	C(1,0)	C(1,1)
0	0	11	0	28
1	0	12	0	27
2	0	12	0	27
3	2	8	7	22
4	0	10	0	29
5	6	5	9	19
6	0	14	0	25
7	5	4	4	26
8	0	10	0	29
9	7	1	8	23
10	0	16	0	23
11	0	11	0	28
12	0	13	0	26
13	6	5	5	23
14	3	7	13	16
15	3	4	10	22
16	0	5	0	34
17	8	3	6	22
18	7	4	4	24
19	0	6	0	33
20	0	11	0	28
21	0	9	0	30
22	0	14	0	25
23	0	9	0	30
24	0	11	0	28
25	4	2	8	25
26	7	0	2	30
27	0	16	0	23
28	4	3	10	22
29	0	16	0	23
30	1	9	4	25
31	3	1	0	35
32	4	5	3	27
33	0	11	0	28
34	6	1	8	24
35	0	10	0	29
36	0	5	0	34
37	6	2	6	25
38	8	2	17	12
39	7	3	1	28
40	0	8	0	31
41	0	8	2	29
42	7	6	0	26
43	0	6	0	33
44	0	7	0	32
45	0	14	0	25
46	0	13	0	26
47	0	12	0	27
48	8	2	6	23
49	0	11	0	28
50	0	9	0	30
51	2	9	12	16
52	6	4	1	28
53	6	1	10	22
54	4	1	8	26
55	0	9	0	30
56	6	4	1	28
57	0	5	1	33
58	0	8	0	31
59	3	8	4	24
60	0	9	0	30
61	0	9	0	30
62	4	5	10	20
63	4	3	4	28
64	0	10	0	29
65	5	9	5	20
66	4	6	6	23
67	0	11	0	28
68	4	5	4	26
69	0	8	0	31
70	0	11	0	28
71	9	1	13	16
72	0	10	0	29
73	7	2	5	25
74	0	10	0	29
75	0	12	0	27
76	0	11	0	28
77	0	11	0	28
78	0	11	0	28
79	7	5	3	24
80	0	11	2	26
81	0	13	0	26
82	0	9	0	30
83	8	3	7	21
84	11	3	3	22
85	0	9	0	30
86	0	13	0	26
87	0	12	0	27
88	0	9	0	30
89	0	9	0	30
90	7	0	12	20
91	8	1	9	21
92	0	12	0	27
93	4	1	11	23
94	0	8	0	31
95	0	7	0	32
96	5	7	2	25
97	5	2	7	25
98	0	9	0	30
99	4	6	11	18
