	C(0,0)	C(0,1)	C(1,0)	C(1,1)
0	34	2	8	18
1	46	0	16	0
2	33	1	7	21
3	37	0	25	0
4	32	9	4	17
5	36	8	3	15
6	35	2	5	20
7	44	0	18	0
8	34	5	6	17
9	45	0	17	0
10	38	8	0	16
11	38	5	5	14
12	40	8	14	0
13	32	16	1	13
14	46	0	16	0
15	46	0	16	0
16	40	6	4	12
17	34	6	2	20
18	35	4	9	14
19	34	3	4	21
20	39	2	17	4
21	32	7	5	18
22	29	10	4	19
23	34	7	14	7
24	34	2	4	22
25	30	7	5	20
26	36	5	5	16
27	40	3	12	7
28	32	11	3	16
29	39	3	4	16
30	40	0	22	0
31	36	4	6	16
32	40	0	22	0
33	38	0	24	0
34	42	0	20	0
35	34	9	0	19
36	42	8	3	9
37	39	1	17	5
38	42	0	20	0
39	30	9	2	21
40	37	7	2	16
41	40	0	22	0
42	31	8	4	19
43	40	3	14	5
44	44	0	18	0
45	33	6	4	19
46	47	0	15	0
47	41	0	12	9
48	30	12	0	20
49	37	7	1	17
50	40	0	22	0
51	37	5	11	9
52	29	14	0	19
53	46	0	16	0
54	38	0	24	0
55	35	13	1	13
56	39	0	23	0
57	40	1	20	1
58	36	3	11	12
59	44	0	18	0
60	28	12	3	19
61	40	5	16	1
62	30	10	18	4
63	38	0	24	0
64	40	0	22	0
65	42	0	19	1
66	41	0	18	3
67	30	12	4	16
68	38	3	5	16
69	31	6	7	18
70	48	0	14	0
71	35	7	7	13
72	43	0	18	1
73	38	0	24	0
74	31	18	1	12
75	42	0	20	0
76	31	10	2	19
77	41	1	18	2
78	35	5	8	14
79	44	0	18	0
80	24	7	7	24
81	39	0	23	0
82	31	16	2	13
83	30	7	5	20
84	41	6	5	10
85	34	10	4	14
86	24	14	1	23
87	38	6	9	9
88	37	4	7	14
89	14	36	1	11
90	28	10	9	15
91	41	0	21	0
92	38	7	8	9
93	43	0	19	0
94	27	17	1	17
95	35	0	27	0
96	41	0	21	0
97	31	11	1	19
98	20	23	2	17
99	35	0	27	0
