	C(0,0)	C(0,1)	C(0,2)	C(1,0)	C(1,1)	C(1,2)	C(2,0)	C(2,1)	C(2,2)
0	10	1	0	8	18	0	1	1	23
1	0	0	14	0	0	16	0	0	32
2	8	1	0	5	21	2	0	0	25
3	0	0	9	0	0	25	0	0	28
4	3	6	0	4	17	0	0	3	29
5	5	7	0	2	15	1	2	1	29
6	6	1	0	5	20	0	0	1	29
7	0	0	15	0	0	18	0	0	29
8	4	3	0	3	17	3	1	2	29
9	0	0	12	0	0	17	0	0	33
10	0	8	0	0	16	0	0	0	38
11	7	2	0	5	14	0	1	3	30
12	14	0	0	14	0	0	0	8	26
13	8	10	0	1	13	0	0	6	24
14	0	0	14	0	0	16	0	0	32
15	0	0	11	0	0	16	0	0	35
16	9	6	0	3	12	1	0	0	31
17	9	4	0	2	20	0	0	2	25
18	12	3	0	8	14	1	2	1	21
19	7	1	0	4	21	0	1	2	26
20	12	1	0	14	4	3	2	1	25
21	8	4	0	5	18	0	1	3	23
22	4	9	0	2	19	2	1	1	24
23	0	6	5	0	7	14	0	1	29
24	8	0	0	4	22	0	0	2	26
25	9	5	0	5	20	0	0	2	21
26	3	4	1	4	16	1	6	1	26
27	10	2	0	12	7	0	9	1	21
28	0	6	0	2	16	1	3	5	29
29	9	1	0	4	16	0	0	2	30
30	0	0	12	0	0	22	0	0	28
31	6	2	0	5	16	1	1	2	29
32	0	0	12	0	0	22	0	0	28
33	0	0	10	0	0	24	0	0	28
34	0	0	12	0	0	20	0	0	30
35	7	8	0	0	19	0	0	1	27
36	6	5	0	3	9	0	0	3	36
37	10	1	0	15	5	2	0	0	29
38	0	0	12	0	0	20	0	0	30
39	6	4	0	2	21	0	0	5	24
40	10	7	0	2	16	0	0	0	27
41	9	0	0	14	0	8	2	0	29
42	7	4	0	3	19	1	1	4	23
43	0	2	6	0	5	14	0	1	34
44	2	0	11	1	0	17	0	0	31
45	3	5	0	4	19	0	2	1	28
46	0	0	10	0	0	15	0	0	37
47	14	0	0	10	9	2	2	0	25
48	0	10	0	0	20	0	0	2	30
49	9	6	0	0	17	1	5	1	23
50	0	0	10	0	0	22	0	0	30
51	9	5	0	11	9	0	10	0	18
52	2	11	0	0	19	0	1	3	26
53	11	0	4	9	0	7	0	0	31
54	0	0	8	0	0	24	0	0	30
55	5	12	0	1	13	0	3	1	27
56	0	0	10	0	0	23	0	0	29
57	0	1	8	0	1	20	0	0	32
58	5	3	1	9	12	2	5	0	25
59	0	0	15	0	0	18	0	0	29
60	4	11	0	1	19	2	2	1	22
61	0	5	8	0	1	16	0	0	32
62	9	1	0	18	4	0	9	9	12
63	9	0	2	18	0	6	10	0	17
64	9	0	1	22	0	0	4	0	26
65	0	0	15	0	1	19	0	0	27
66	0	0	10	0	3	18	0	0	31
67	3	10	0	3	16	1	0	2	27
68	0	3	14	0	16	5	0	0	24
69	4	4	0	7	18	0	1	2	26
70	0	0	14	0	0	14	0	0	34
71	12	5	0	6	13	1	0	2	23
72	11	0	0	14	1	4	2	0	30
73	10	0	0	18	0	6	3	0	25
74	1	16	0	1	12	0	2	2	28
75	0	0	12	0	0	20	0	0	30
76	0	8	3	0	19	2	0	2	28
77	0	0	11	0	2	18	0	1	30
78	6	4	0	7	14	1	1	1	28
79	0	0	15	0	0	18	0	0	29
80	5	4	0	7	24	0	1	3	18
81	0	0	12	0	0	23	0	0	27
82	8	6	0	2	13	0	2	10	21
83	2	6	0	5	20	0	3	1	25
84	7	5	2	2	10	3	1	1	31
85	13	6	0	4	14	0	0	4	21
86	0	10	0	1	23	0	0	4	24
87	11	1	0	8	9	1	0	5	27
88	9	2	0	7	14	0	3	2	25
89	0	12	0	0	11	1	0	24	14
90	4	8	1	7	15	2	1	2	22
91	0	0	12	0	0	21	0	0	29
92	0	6	6	0	9	8	0	1	32
93	0	0	13	0	0	19	0	0	30
94	0	14	3	0	17	1	0	3	24
95	0	0	7	0	0	27	0	0	28
96	0	0	9	0	0	21	0	0	32
97	6	8	0	1	19	0	0	3	25
98	4	7	0	2	17	0	2	16	14
99	0	0	9	0	0	27	0	0	26
