	C(0,0)	C(0,1)	C(0,2)	C(0,3)	C(1,0)	C(1,1)	C(1,2)	C(1,3)	C(2,0)	C(2,1)	C(2,2)	C(2,3)	C(3,0)	C(3,1)	C(3,2)	C(3,3)
0	188	1	239	0	240	12	186	0	7	0	60	0	86	0	73	0
1	69	4	0	350	83	58	0	291	6	0	0	68	9	7	0	147
2	211	0	71	159	107	0	135	187	1	0	57	6	25	0	5	128
3	156	84	10	194	66	283	17	65	46	16	3	5	41	16	7	83
4	215	201	0	24	46	346	0	16	1	68	0	0	36	67	0	72
5	199	78	13	145	83	238	19	81	18	39	15	0	98	14	3	49
6	247	141	38	0	102	318	20	0	11	35	22	0	98	50	10	0
7	141	0	212	95	116	9	208	80	8	1	53	1	41	0	58	69
8	216	28	4	196	266	84	4	70	47	12	1	1	32	4	1	126
9	235	19	25	176	207	103	40	48	55	14	3	0	70	3	0	94
10	116	101	84	149	59	103	156	92	13	0	20	24	6	38	62	69
11	280	129	0	35	132	252	0	30	13	47	0	9	41	78	0	46
12	267	17	0	156	189	31	0	192	11	0	0	57	105	15	0	52
13	141	24	239	44	138	56	168	50	5	1	65	0	82	0	64	15
14	334	90	0	16	129	233	0	49	16	48	0	0	81	77	0	19
15	185	212	0	60	204	129	0	81	11	23	0	20	86	54	0	27
16	161	166	0	120	104	235	0	65	11	47	0	3	53	78	0	49
17	166	50	102	117	94	41	186	118	2	0	50	2	48	10	52	54
18	409	40	0	0	216	213	0	0	34	5	0	0	174	1	0	0
19	159	42	0	226	57	250	0	117	56	1	0	8	18	2	0	156
20	196	171	0	50	73	342	0	19	10	58	0	0	34	96	0	43
21	64	127	0	274	71	288	0	50	10	47	0	15	30	19	0	97
22	251	15	0	206	129	187	0	90	47	0	0	12	48	1	0	106
23	157	226	0	71	74	306	0	11	38	35	0	0	22	134	0	18
24	278	163	0	0	129	277	0	0	10	56	0	0	66	113	0	0
25	213	23	0	199	182	77	0	181	17	1	0	52	65	16	0	66
26	218	165	0	38	64	359	0	12	3	67	0	0	78	76	0	12
27	270	85	12	70	210	173	9	39	24	29	5	4	99	37	7	19
28	144	111	166	21	124	201	59	31	17	32	23	0	27	29	33	74
29	350	84	16	0	210	200	12	0	3	26	40	0	93	42	16	0
30	241	156	0	41	149	208	0	71	38	18	0	4	62	85	0	19
31	279	11	53	89	273	11	78	88	0	7	48	3	105	0	7	40
32	357	77	13	0	142	253	6	0	47	21	2	0	122	36	16	0
33	215	182	0	12	32	389	0	17	2	61	0	0	41	77	0	64
34	229	23	0	192	146	157	0	116	59	2	0	7	45	0	0	116
35	92	32	295	40	90	98	168	45	14	4	46	0	16	1	138	13
36	97	13	335	0	97	101	226	0	10	2	47	0	26	0	138	0
37	192	148	27	70	169	194	16	46	2	43	21	1	37	93	7	26
38	205	229	0	13	35	383	0	10	0	58	0	0	35	57	0	67
39	269	66	31	87	146	154	71	59	2	2	57	1	72	33	13	29
40	117	8	211	104	105	33	157	140	11	0	56	0	44	0	51	55
41	211	244	0	0	214	185	0	0	41	44	0	0	50	103	0	0
42	205	189	0	29	48	334	0	37	11	61	0	1	43	60	0	74
43	370	56	0	16	268	147	0	11	64	3	0	0	128	18	0	11
44	326	17	0	102	337	13	0	69	49	0	0	19	116	1	0	43
45	56	211	160	28	18	322	76	9	1	18	42	0	9	73	41	28
46	242	118	59	0	200	170	41	0	0	33	51	0	132	40	6	0
47	245	216	0	0	102	314	0	0	12	52	0	0	40	111	0	0
48	295	157	0	0	104	310	0	0	1	72	0	0	68	85	0	0
49	165	82	0	174	69	251	0	111	33	31	0	1	55	10	0	110
50	274	111	38	6	140	272	22	3	4	33	23	0	124	37	5	0
51	145	0	244	64	87	0	262	64	28	0	33	7	15	0	109	34
52	343	98	0	0	274	155	0	0	58	11	0	0	102	51	0	0
53	246	15	0	187	113	213	0	82	68	2	0	7	66	0	0	93
54	431	24	0	0	288	115	0	0	56	10	0	0	167	1	0	0
55	226	204	2	0	182	223	2	0	22	39	1	0	157	34	0	0
56	106	324	0	14	33	385	0	0	8	54	0	0	18	149	0	1
57	170	18	0	238	97	216	0	119	50	1	0	8	19	3	0	153
58	171	101	179	8	204	146	26	20	36	8	13	6	58	56	22	38
59	110	93	1	240	163	208	0	55	36	13	0	7	16	27	0	123
60	39	7	390	0	49	76	298	0	3	7	59	0	1	0	163	0
61	250	15	159	0	283	72	87	0	11	2	52	0	113	0	48	0
62	340	112	0	0	269	136	0	1	52	16	0	0	132	32	0	2
63	344	99	0	0	283	141	0	0	58	7	0	0	119	41	0	0
64	337	36	40	34	259	65	42	47	2	0	67	0	85	1	12	65
65	157	284	0	0	108	302	0	0	73	8	0	0	31	129	0	0
66	222	138	38	39	62	296	46	22	13	41	8	1	37	52	13	64
67	163	47	208	0	162	162	112	0	6	5	71	0	112	9	35	0
68	114	92	65	169	93	314	19	18	7	25	35	0	79	7	17	38
69	280	146	0	31	236	154	0	23	11	27	0	18	104	52	0	10
70	282	145	0	23	64	328	0	29	4	47	0	0	72	42	0	56
71	132	36	240	0	218	53	180	0	3	1	56	0	84	5	84	0
72	407	43	0	0	266	152	0	0	56	10	0	0	158	0	0	0
73	154	67	0	218	45	258	0	126	46	13	0	8	28	3	0	126
74	385	29	0	30	273	95	0	46	62	0	0	1	119	31	0	21
75	170	229	0	34	69	328	0	15	7	71	0	0	37	129	0	3
76	157	35	97	153	143	100	96	79	0	2	56	0	44	10	47	73
77	220	149	0	22	87	352	0	22	43	33	0	0	56	59	0	49
78	87	5	261	85	103	28	188	96	5	0	52	0	13	0	145	24
79	145	168	0	145	64	277	0	71	24	28	0	1	17	74	0	78
80	235	167	0	52	54	299	0	52	16	48	0	0	68	39	0	62
81	140	298	0	0	89	345	0	0	8	51	0	0	58	103	0	0
82	190	109	0	128	44	301	0	77	28	40	0	3	53	41	0	78
83	157	87	211	0	99	202	99	0	14	4	40	0	94	29	56	0
84	373	63	0	0	213	200	0	0	33	27	0	0	173	10	0	0
85	278	139	19	32	96	269	12	6	16	30	17	0	41	55	12	70
86	118	60	0	252	79	325	0	38	18	38	0	7	46	7	0	104
87	209	230	0	15	18	368	0	14	2	68	0	0	25	89	0	54
88	136	101	0	214	36	335	0	36	53	29	0	0	33	22	0	97
89	211	150	0	113	136	156	0	96	56	11	0	0	74	42	0	47
90	266	0	0	196	184	0	0	218	30	0	0	30	72	0	0	96
91	126	90	56	167	58	177	32	157	4	7	52	8	43	26	2	87
92	178	38	0	215	150	85	0	168	11	8	0	60	61	24	0	94
93	135	158	0	155	63	207	0	140	45	17	0	6	30	84	0	52
94	227	155	39	0	72	325	35	0	1	18	57	0	58	90	15	0
95	74	81	178	107	61	320	25	20	6	29	26	0	51	12	22	80
96	202	0	0	237	152	0	0	282	67	0	0	1	30	0	0	121
97	175	36	242	0	145	135	127	0	14	4	46	0	80	5	83	0
98	240	152	0	36	77	333	0	8	17	58	0	0	61	65	0	45
99	49	184	207	0	20	329	67	0	8	0	52	0	5	116	55	0
