	C(0,0)	C(0,1)	C(0,2)	C(0,3)	C(1,0)	C(1,1)	C(1,2)	C(1,3)	C(2,0)	C(2,1)	C(2,2)	C(2,3)	C(3,0)	C(3,1)	C(3,2)	C(3,3)
0	426	0	0	2	417	0	0	21	67	0	0	0	109	0	0	50
1	0	435	0	0	0	440	0	0	0	65	0	0	0	152	0	0
2	0	0	463	0	0	1	405	0	0	0	62	0	0	0	161	0
3	364	21	29	0	1	433	3	0	63	2	3	0	163	6	4	0
4	0	0	445	0	0	3	402	0	0	0	68	0	0	0	174	0
5	443	0	0	0	312	0	92	0	1	0	82	0	162	0	0	0
6	331	35	0	85	1	392	2	0	66	1	0	0	141	8	0	30
7	0	0	448	0	0	0	413	0	0	0	68	0	0	0	163	0
8	0	0	435	0	0	3	414	0	0	1	73	0	0	0	166	0
9	0	0	417	0	0	0	441	0	0	0	67	0	0	0	167	0
10	444	0	0	4	417	0	0	6	65	0	0	0	108	0	0	48
11	0	0	458	0	0	0	405	0	0	0	63	0	0	0	166	0
12	425	0	0	2	400	0	0	16	75	0	0	0	123	0	0	51
13	421	0	0	1	420	0	0	0	73	0	0	0	152	0	0	25
14	0	0	418	0	0	4	442	0	0	0	67	0	0	0	161	0
15	345	22	2	62	0	425	5	0	60	2	1	0	150	6	1	11
16	0	0	426	0	0	6	415	0	0	0	70	0	0	0	175	0
17	0	0	445	0	0	1	410	0	0	0	81	0	0	0	155	0
18	388	0	0	62	285	0	2	149	57	0	0	0	0	0	0	149
19	293	0	0	130	454	0	2	0	52	0	10	0	10	0	0	141
20	0	0	438	0	0	0	432	0	0	0	61	0	0	0	161	0
21	444	0	0	3	408	0	0	7	70	0	0	0	118	0	0	42
22	453	0	0	3	409	0	0	9	59	0	0	0	114	0	0	45
23	0	0	448	0	0	1	416	0	0	0	58	0	0	0	169	0
24	351	0	0	89	301	0	1	117	62	0	1	0	0	0	0	170
25	326	30	0	106	1	407	4	0	62	1	1	0	114	9	0	31
26	378	0	0	71	290	0	0	123	69	0	0	0	0	0	0	161
27	451	0	0	2	384	0	0	13	75	0	0	0	118	0	0	49
28	416	0	0	0	414	0	0	25	67	0	0	0	115	0	0	55
29	305	0	0	112	435	0	2	0	70	0	1	0	10	0	0	157
30	97	0	0	319	0	0	8	445	0	0	56	6	33	0	0	128
31	0	0	443	0	0	0	422	0	0	0	51	0	0	0	176	0
32	389	0	0	68	280	0	0	128	65	0	0	0	0	0	0	162
33	365	0	0	61	321	0	0	131	56	0	0	0	0	0	0	158
34	0	0	443	0	0	2	405	0	0	1	65	0	0	0	176	0
35	219	0	0	230	159	0	0	270	70	0	0	0	0	0	0	144
36	432	0	0	2	403	0	0	0	71	0	0	0	166	0	0	18
37	311	0	0	130	405	0	0	0	74	0	0	0	33	0	0	139
38	386	0	0	2	446	0	0	0	64	0	0	0	169	0	0	25
39	369	0	0	67	291	0	2	121	65	0	0	0	0	0	0	177
40	300	0	0	145	155	0	0	259	63	0	0	0	11	0	0	159
41	0	0	429	0	0	7	410	0	0	0	80	0	0	0	166	0
42	386	0	0	72	272	0	1	131	67	0	0	0	0	0	0	163
43	281	0	0	171	220	0	0	202	56	0	0	0	0	0	0	162
44	343	23	25	40	0	416	7	0	55	0	21	0	141	9	4	8
45	0	0	436	0	0	4	400	0	0	1	77	0	0	0	174	0
46	440	0	0	3	417	0	0	5	68	0	0	0	115	0	0	44
47	0	0	437	0	0	0	433	0	0	0	57	0	0	0	165	0
48	0	0	418	0	0	0	442	0	0	0	74	0	0	0	158	0
49	456	0	0	1	399	0	0	14	59	0	0	0	105	0	0	58
50	0	0	442	0	0	1	417	0	0	1	77	0	0	0	154	0
51	346	0	0	86	329	0	1	104	66	0	0	0	0	0	0	160
52	374	0	0	66	303	0	1	122	66	0	0	0	0	0	0	160
53	0	0	447	0	0	3	411	0	0	0	61	0	0	0	170	0
54	312	0	0	126	416	0	0	0	63	0	0	0	9	0	0	166
55	0	131	300	0	0	422	0	0	0	11	55	0	0	13	160	0
56	329	20	34	69	0	441	5	0	34	2	18	0	111	9	2	18
57	0	0	419	0	0	0	434	0	0	0	70	0	0	0	169	0
58	303	25	0	111	8	408	0	0	61	0	0	0	114	4	0	58
59	316	0	0	149	377	0	4	24	54	0	0	0	5	0	0	163
60	448	0	0	0	406	0	0	0	74	0	0	0	164	0	0	0
61	388	0	0	73	273	0	0	127	68	0	0	0	0	0	0	163
62	410	0	0	2	435	0	0	0	72	0	0	0	166	0	0	7
63	0	0	445	0	0	0	418	0	0	0	58	0	0	0	171	0
64	457	0	0	2	418	0	0	10	67	0	0	0	89	0	0	49
65	453	0	0	1	410	0	0	19	55	0	0	0	111	0	0	43
66	0	0	436	0	0	3	414	0	0	1	73	0	0	0	165	0
67	360	35	1	66	0	382	4	0	48	3	14	0	163	4	0	12
68	0	0	441	0	0	1	426	0	0	0	65	0	0	0	159	0
69	464	0	0	0	391	0	0	11	65	0	0	0	111	0	0	50
70	463	0	0	2	374	0	0	19	69	0	0	0	86	0	0	79
71	349	27	0	71	0	416	3	0	66	3	0	0	141	5	0	11
72	418	0	0	4	426	0	0	5	53	0	0	0	128	0	0	58
73	0	0	465	0	0	0	415	0	0	0	57	0	0	0	155	0
74	0	0	438	0	0	0	437	0	0	0	64	0	0	0	153	0
75	244	0	0	217	165	0	0	239	68	0	0	0	0	0	0	159
76	0	0	430	0	0	0	432	0	0	0	75	0	0	0	155	0
77	327	11	0	117	4	414	0	0	67	0	0	0	90	4	0	58
78	427	0	0	0	423	0	0	12	66	0	0	0	107	0	0	57
79	366	24	0	45	1	423	2	0	64	1	2	0	146	6	0	12
80	0	0	480	0	0	1	408	0	0	0	46	0	0	0	157	0
81	329	31	0	100	0	400	4	0	62	0	4	0	112	10	0	40
82	0	0	454	0	0	2	412	0	0	0	66	0	0	0	158	0
83	357	24	0	38	0	433	6	0	62	3	2	0	150	4	0	13
84	437	0	0	0	409	0	0	14	71	0	0	0	120	0	0	41
85	449	0	0	0	402	0	0	0	76	0	0	0	159	0	0	6
86	0	0	435	0	0	1	406	0	0	0	68	0	0	0	182	0
87	0	0	421	0	0	3	412	0	0	1	70	0	0	0	185	0
88	443	0	0	3	407	0	0	0	57	0	0	0	150	0	0	32
89	330	31	0	90	1	423	5	0	58	0	0	0	119	7	0	28
90	0	0	434	0	0	2	426	0	0	0	73	0	0	0	157	0
91	417	0	3	0	275	0	159	0	0	0	70	0	168	0	0	0
92	337	25	4	91	1	409	3	0	53	1	4	0	140	8	1	15
93	442	0	0	1	421	0	0	11	69	0	0	0	109	0	0	39
94	0	0	435	0	0	2	429	0	0	0	68	0	0	0	158	0
95	0	0	444	0	0	2	420	0	0	0	63	0	0	0	163	0
96	469	0	0	2	390	0	0	21	66	0	0	0	59	0	0	85
97	277	0	0	140	427	0	0	3	72	0	0	0	9	0	0	164
98	0	0	425	0	0	0	433	0	0	0	57	0	0	0	177	0
99	446	0	0	3	417	0	0	7	60	0	0	0	111	0	0	48
