	C(0,0)	C(0,1)	C(0,2)	C(0,3)	C(1,0)	C(1,1)	C(1,2)	C(1,3)	C(2,0)	C(2,1)	C(2,2)	C(2,3)	C(3,0)	C(3,1)	C(3,2)	C(3,3)
0	293	22	0	113	109	329	0	0	67	0	0	0	75	4	0	80
1	191	51	221	0	0	384	0	0	5	9	51	0	35	8	137	0
2	250	47	0	126	54	371	0	0	76	0	0	0	21	12	0	135
3	293	44	0	118	62	341	0	2	69	0	0	0	21	7	0	135
4	255	43	0	115	68	349	0	1	82	0	0	0	28	8	0	143
5	447	0	0	0	359	0	4	41	48	0	18	0	95	0	0	80
6	394	14	34	0	28	402	3	0	26	1	43	0	140	1	6	0
7	277	50	0	120	41	347	0	0	73	0	0	0	55	12	0	117
8	434	0	0	0	388	0	0	29	45	0	22	0	107	0	0	67
9	326	26	85	0	36	359	5	0	25	1	45	0	170	1	13	0
10	374	49	3	0	0	410	5	0	69	0	3	0	170	8	1	0
11	243	64	0	126	36	403	0	0	70	0	0	0	30	13	0	107
12	416	0	0	38	270	0	0	136	59	0	0	0	45	0	0	128
13	365	0	0	58	251	0	3	161	50	0	20	0	10	0	0	174
14	220	82	127	0	70	369	0	0	8	3	59	0	110	9	35	0
15	223	84	108	0	100	330	0	0	7	6	56	0	119	10	49	0
16	393	16	38	0	21	393	5	0	43	2	24	0	151	1	5	0
17	424	22	0	0	96	313	0	0	63	4	0	0	169	1	0	0
18	435	0	0	1	399	0	3	15	50	0	16	0	127	0	0	46
19	418	0	0	26	261	0	2	136	59	0	17	0	8	0	0	165
20	448	0	0	3	399	0	2	8	62	0	4	0	122	0	0	44
21	453	0	0	1	405	0	4	22	42	0	25	0	97	0	0	43
22	343	34	53	0	5	418	3	0	18	4	51	0	151	5	7	0
23	438	0	0	1	388	0	3	16	52	0	14	0	114	0	0	66
24	177	0	2	261	180	0	3	237	12	0	46	0	10	0	0	164
25	341	32	51	0	4	420	4	0	19	3	44	0	167	2	5	0
26	445	0	0	0	394	0	5	15	52	0	15	0	116	0	0	50
27	369	0	0	50	273	0	9	150	51	0	23	0	5	0	0	162
28	422	0	0	8	406	0	1	11	46	0	22	0	148	0	0	28
29	442	0	0	5	416	0	8	11	42	0	18	0	105	0	0	45
30	449	0	0	6	303	0	4	115	44	0	16	0	11	0	0	144
31	343	36	69	0	11	401	1	0	58	0	3	0	163	0	7	0
32	399	0	0	38	286	0	2	133	65	0	1	0	1	0	0	167
33	138	280	0	0	0	421	3	0	42	17	4	0	88	99	0	0
34	343	17	48	0	25	405	2	0	33	1	35	0	177	1	5	0
35	452	0	0	0	400	0	7	10	50	0	12	0	110	0	0	51
36	235	55	0	118	32	413	0	0	67	0	0	0	18	15	0	139
37	275	63	0	118	47	372	0	0	59	0	0	0	32	11	0	115
38	437	18	0	0	64	335	0	0	58	4	0	0	176	0	0	0
39	382	0	0	55	344	0	0	84	60	0	0	0	146	0	0	21
40	165	134	132	0	7	445	1	0	6	4	48	0	107	12	31	0
41	364	31	75	0	2	376	1	0	15	4	51	0	153	9	11	0
42	352	21	77	0	28	386	2	0	18	1	48	0	148	1	10	0
43	242	76	0	116	25	395	0	0	54	0	0	0	49	14	0	121
44	278	53	0	112	71	350	0	0	64	0	0	0	34	5	0	125
45	137	1	0	302	228	157	0	53	67	0	0	0	8	0	0	139
46	236	65	0	130	23	393	0	0	80	0	0	0	20	9	0	136
47	388	0	6	48	192	0	39	178	5	0	65	0	30	0	0	141
48	264	51	0	113	33	394	0	0	63	0	0	0	57	7	0	110
49	233	69	0	113	33	404	0	0	57	0	0	0	40	4	0	139
50	449	0	0	0	396	0	3	15	47	0	15	0	113	0	0	54
51	308	21	0	78	79	362	0	0	68	0	0	0	135	8	0	33
52	230	79	115	0	1	443	0	0	5	4	54	0	111	9	41	0
53	268	47	0	124	55	352	0	1	67	0	0	0	28	8	0	142
54	0	0	445	0	0	5	436	0	0	0	73	0	0	0	133	0
55	161	141	127	0	1	430	1	0	11	4	54	0	96	25	41	0
56	206	26	199	0	31	379	0	0	10	6	55	0	52	0	128	0
57	239	64	0	121	25	419	0	0	63	0	0	0	33	5	0	123
58	270	55	0	127	60	346	0	2	53	0	0	0	28	5	0	146
59	381	0	0	38	313	0	3	118	56	0	21	0	6	0	0	156
60	433	0	0	0	409	0	4	17	54	0	11	0	119	0	0	45
61	432	0	0	0	413	0	1	28	43	0	9	0	99	0	0	67
62	138	198	135	0	6	395	5	0	6	2	42	0	80	49	36	0
63	270	41	0	122	58	369	0	0	74	0	0	0	23	6	0	129
64	196	57	202	0	0	408	0	0	8	7	53	0	40	7	114	0
65	419	0	0	0	408	0	3	5	48	0	21	0	141	0	0	47
66	418	0	0	0	406	0	3	18	46	0	24	0	130	0	0	47
67	217	0	6	194	57	0	50	325	6	0	67	0	11	0	0	159
68	278	52	0	131	73	326	0	0	61	0	0	0	28	10	0	133
69	86	4	355	0	93	332	0	0	4	4	56	0	6	0	152	0
70	350	31	55	0	16	410	1	0	15	0	59	0	147	4	4	0
71	292	43	0	127	60	311	0	0	67	0	0	0	34	6	0	152
72	372	18	0	50	69	356	0	0	68	0	0	0	135	12	0	12
73	288	61	0	116	40	373	0	0	62	0	0	0	67	7	0	78
74	452	0	0	1	378	0	2	31	46	0	17	0	82	0	0	83
75	369	28	59	0	242	128	38	0	4	23	37	0	164	0	0	0
76	393	0	0	34	283	0	3	127	58	0	18	0	8	0	0	168
77	253	64	140	0	128	211	70	0	13	16	44	0	139	10	4	0
78	329	40	0	79	77	340	0	0	61	0	0	0	114	4	0	48
79	186	125	112	0	16	417	0	0	8	4	62	0	95	25	42	0
80	401	41	2	0	0	422	3	0	42	2	15	0	153	9	2	0
81	283	38	0	107	70	357	0	0	70	0	0	0	17	9	0	141
82	94	191	148	0	22	396	0	0	13	3	55	0	65	31	74	0
83	378	38	31	0	2	424	3	0	45	2	13	0	144	2	10	0
84	434	0	0	1	414	0	5	12	51	0	18	0	114	0	0	43
85	339	22	71	0	13	413	4	0	17	2	66	0	136	1	8	0
86	288	27	0	127	77	357	0	0	71	0	0	0	20	5	0	120
87	372	32	0	51	94	319	0	0	67	0	0	0	131	0	0	26
88	427	0	0	20	275	0	5	116	60	0	17	0	7	0	0	165
89	183	139	135	0	17	397	0	0	8	3	45	0	107	17	41	0
90	176	125	133	0	10	446	0	0	7	2	48	0	86	12	47	0
91	270	61	0	101	27	394	1	0	62	0	0	0	60	11	0	105
92	224	102	0	102	1	429	0	0	63	3	0	0	17	16	0	135
93	248	49	0	137	90	329	0	0	73	0	0	0	27	9	0	130
94	365	0	0	81	321	0	0	95	87	0	0	0	115	0	0	28
95	138	183	118	0	1	417	8	0	11	3	48	0	93	31	41	0
96	237	59	0	125	20	398	0	0	71	0	0	0	19	22	0	141
97	275	40	126	0	242	177	0	0	10	9	45	0	133	1	34	0
98	371	68	0	0	2	428	1	0	60	3	1	0	152	6	0	0
99	263	69	0	96	29	425	0	0	54	0	0	0	65	14	0	77
